+-------------------------------------------------------------------------------------------------------------------------------------------------------------------------------------------------------------------------------------------------------------------+
; Legal Partition Candidates                                                                                                                                                                                                                                        ;
+--------------------------------------------------------------+-------+----------------+--------------+----------------+--------+-----------------+---------------+-----------------+-------+----------------+--------------+------------------+-------------------+
; Hierarchy                                                    ; Input ; Constant Input ; Unused Input ; Floating Input ; Output ; Constant Output ; Unused Output ; Floating Output ; Bidir ; Constant Bidir ; Unused Bidir ; Input only Bidir ; Output only Bidir ;
+--------------------------------------------------------------+-------+----------------+--------------+----------------+--------+-----------------+---------------+-----------------+-------+----------------+--------------+------------------+-------------------+
; resultmux                                                    ; 130   ; 0              ; 0            ; 0              ; 32     ; 0               ; 0             ; 0               ; 0     ; 0              ; 0            ; 0                ; 0                 ;
; ff5                                                          ; 106   ; 0              ; 0            ; 0              ; 104    ; 0               ; 0             ; 0               ; 0     ; 0              ; 0            ; 0                ; 0                 ;
; DM|RAM_inst3|altsyncram_component|auto_generated|altsyncram1 ; 40    ; 0              ; 0            ; 0              ; 16     ; 0               ; 0             ; 0               ; 0     ; 0              ; 0            ; 0                ; 0                 ;
; DM|RAM_inst3|altsyncram_component|auto_generated             ; 20    ; 0              ; 0            ; 0              ; 8      ; 0               ; 0             ; 0               ; 0     ; 0              ; 0            ; 0                ; 0                 ;
; DM|RAM_inst3                                                 ; 20    ; 2              ; 0            ; 2              ; 8      ; 2               ; 2             ; 2               ; 0     ; 0              ; 0            ; 0                ; 0                 ;
; DM|RAM_inst2|altsyncram_component|auto_generated|altsyncram1 ; 40    ; 0              ; 0            ; 0              ; 16     ; 0               ; 0             ; 0               ; 0     ; 0              ; 0            ; 0                ; 0                 ;
; DM|RAM_inst2|altsyncram_component|auto_generated             ; 20    ; 0              ; 0            ; 0              ; 8      ; 0               ; 0             ; 0               ; 0     ; 0              ; 0            ; 0                ; 0                 ;
; DM|RAM_inst2                                                 ; 20    ; 2              ; 0            ; 2              ; 8      ; 2               ; 2             ; 2               ; 0     ; 0              ; 0            ; 0                ; 0                 ;
; DM|RAM_inst1|altsyncram_component|auto_generated|altsyncram1 ; 40    ; 0              ; 0            ; 0              ; 16     ; 0               ; 0             ; 0               ; 0     ; 0              ; 0            ; 0                ; 0                 ;
; DM|RAM_inst1|altsyncram_component|auto_generated             ; 20    ; 0              ; 0            ; 0              ; 8      ; 0               ; 0             ; 0               ; 0     ; 0              ; 0            ; 0                ; 0                 ;
; DM|RAM_inst1                                                 ; 20    ; 2              ; 0            ; 2              ; 8      ; 2               ; 2             ; 2               ; 0     ; 0              ; 0            ; 0                ; 0                 ;
; DM|RAM_inst0|altsyncram_component|auto_generated|altsyncram1 ; 40    ; 0              ; 0            ; 0              ; 16     ; 0               ; 0             ; 0               ; 0     ; 0              ; 0            ; 0                ; 0                 ;
; DM|RAM_inst0|altsyncram_component|auto_generated             ; 20    ; 0              ; 0            ; 0              ; 8      ; 0               ; 0             ; 0               ; 0     ; 0              ; 0            ; 0                ; 0                 ;
; DM|RAM_inst0                                                 ; 20    ; 2              ; 0            ; 2              ; 8      ; 2               ; 2             ; 2               ; 0     ; 0              ; 0            ; 0                ; 0                 ;
; DM                                                           ; 66    ; 0              ; 24           ; 0              ; 32     ; 0               ; 0             ; 0               ; 0     ; 0              ; 0            ; 0                ; 0                 ;
; ff4                                                          ; 108   ; 0              ; 0            ; 0              ; 106    ; 0               ; 0             ; 0               ; 0     ; 0              ; 0            ; 0                ; 0                 ;
; comb_67|ff2                                                  ; 136   ; 0              ; 0            ; 0              ; 134    ; 0               ; 0             ; 0               ; 0     ; 0              ; 0            ; 0                ; 0                 ;
; comb_67|c29                                                  ; 201   ; 30             ; 0            ; 30             ; 134    ; 30              ; 30            ; 30              ; 0     ; 0              ; 0            ; 0                ; 0                 ;
; comb_67|c28                                                  ; 198   ; 12             ; 0            ; 12             ; 132    ; 12              ; 12            ; 12              ; 0     ; 0              ; 0            ; 0                ; 0                 ;
; comb_67|c27                                                  ; 183   ; 4              ; 0            ; 4              ; 122    ; 4               ; 4             ; 4               ; 0     ; 0              ; 0            ; 0                ; 0                 ;
; comb_67|c26                                                  ; 192   ; 28             ; 0            ; 28             ; 128    ; 28              ; 28            ; 28              ; 0     ; 0              ; 0            ; 0                ; 0                 ;
; comb_67|c25                                                  ; 180   ; 3              ; 0            ; 3              ; 120    ; 3               ; 3             ; 3               ; 0     ; 0              ; 0            ; 0                ; 0                 ;
; comb_67|c24                                                  ; 189   ; 35             ; 0            ; 35             ; 126    ; 35              ; 35            ; 35              ; 0     ; 0              ; 0            ; 0                ; 0                 ;
; comb_67|c23                                                  ; 177   ; 3              ; 0            ; 3              ; 118    ; 3               ; 3             ; 3               ; 0     ; 0              ; 0            ; 0                ; 0                 ;
; comb_67|c22                                                  ; 177   ; 3              ; 0            ; 3              ; 118    ; 3               ; 3             ; 3               ; 0     ; 0              ; 0            ; 0                ; 0                 ;
; comb_67|c21                                                  ; 114   ; 8              ; 0            ; 8              ; 76     ; 8               ; 8             ; 8               ; 0     ; 0              ; 0            ; 0                ; 0                 ;
; comb_67|c20                                                  ; 174   ; 54             ; 0            ; 54             ; 116    ; 54              ; 54            ; 54              ; 0     ; 0              ; 0            ; 0                ; 0                 ;
; comb_67|c19                                                  ; 174   ; 54             ; 0            ; 54             ; 116    ; 54              ; 54            ; 54              ; 0     ; 0              ; 0            ; 0                ; 0                 ;
; comb_67|c18                                                  ; 174   ; 54             ; 0            ; 54             ; 116    ; 54              ; 54            ; 54              ; 0     ; 0              ; 0            ; 0                ; 0                 ;
; comb_67|c17                                                  ; 174   ; 54             ; 0            ; 54             ; 116    ; 54              ; 54            ; 54              ; 0     ; 0              ; 0            ; 0                ; 0                 ;
; comb_67|ff1                                                  ; 588   ; 0              ; 0            ; 0              ; 586    ; 0               ; 0             ; 0               ; 0     ; 0              ; 0            ; 0                ; 0                 ;
; comb_67|c16                                                  ; 108   ; 10             ; 0            ; 10             ; 72     ; 10              ; 10            ; 10              ; 0     ; 0              ; 0            ; 0                ; 0                 ;
; comb_67|c15                                                  ; 120   ; 18             ; 0            ; 18             ; 80     ; 18              ; 18            ; 18              ; 0     ; 0              ; 0            ; 0                ; 0                 ;
; comb_67|c14                                                  ; 120   ; 18             ; 0            ; 18             ; 80     ; 18              ; 18            ; 18              ; 0     ; 0              ; 0            ; 0                ; 0                 ;
; comb_67|c13                                                  ; 120   ; 18             ; 0            ; 18             ; 80     ; 18              ; 18            ; 18              ; 0     ; 0              ; 0            ; 0                ; 0                 ;
; comb_67|c12                                                  ; 120   ; 18             ; 0            ; 18             ; 80     ; 18              ; 18            ; 18              ; 0     ; 0              ; 0            ; 0                ; 0                 ;
; comb_67|c11                                                  ; 120   ; 18             ; 0            ; 18             ; 80     ; 18              ; 18            ; 18              ; 0     ; 0              ; 0            ; 0                ; 0                 ;
; comb_67|c10                                                  ; 120   ; 18             ; 0            ; 18             ; 80     ; 18              ; 18            ; 18              ; 0     ; 0              ; 0            ; 0                ; 0                 ;
; comb_67|c9                                                   ; 102   ; 6              ; 0            ; 6              ; 68     ; 6               ; 6             ; 6               ; 0     ; 0              ; 0            ; 0                ; 0                 ;
; comb_67|c8                                                   ; 102   ; 6              ; 0            ; 6              ; 68     ; 6               ; 6             ; 6               ; 0     ; 0              ; 0            ; 0                ; 0                 ;
; comb_67|c7                                                   ; 102   ; 6              ; 0            ; 6              ; 68     ; 6               ; 6             ; 6               ; 0     ; 0              ; 0            ; 0                ; 0                 ;
; comb_67|c6                                                   ; 102   ; 6              ; 0            ; 6              ; 68     ; 6               ; 6             ; 6               ; 0     ; 0              ; 0            ; 0                ; 0                 ;
; comb_67|c5                                                   ; 102   ; 6              ; 0            ; 6              ; 68     ; 6               ; 6             ; 6               ; 0     ; 0              ; 0            ; 0                ; 0                 ;
; comb_67|c4                                                   ; 102   ; 6              ; 0            ; 6              ; 68     ; 6               ; 6             ; 6               ; 0     ; 0              ; 0            ; 0                ; 0                 ;
; comb_67|c3                                                   ; 102   ; 6              ; 0            ; 6              ; 68     ; 6               ; 6             ; 6               ; 0     ; 0              ; 0            ; 0                ; 0                 ;
; comb_67|c2                                                   ; 102   ; 6              ; 0            ; 6              ; 68     ; 6               ; 6             ; 6               ; 0     ; 0              ; 0            ; 0                ; 0                 ;
; comb_67|c1                                                   ; 102   ; 6              ; 0            ; 6              ; 68     ; 6               ; 6             ; 6               ; 0     ; 0              ; 0            ; 0                ; 0                 ;
; comb_67|c0                                                   ; 102   ; 6              ; 0            ; 6              ; 68     ; 6               ; 6             ; 6               ; 0     ; 0              ; 0            ; 0                ; 0                 ;
; comb_67                                                      ; 67    ; 1              ; 1            ; 1              ; 32     ; 1               ; 1             ; 1               ; 0     ; 0              ; 0            ; 0                ; 0                 ;
; a1                                                           ; 64    ; 0              ; 0            ; 0              ; 32     ; 0               ; 0             ; 0               ; 0     ; 0              ; 0            ; 0                ; 0                 ;
; alu                                                          ; 70    ; 0              ; 0            ; 0              ; 33     ; 0               ; 0             ; 0               ; 0     ; 0              ; 0            ; 0                ; 0                 ;
; ff3                                                          ; 211   ; 0              ; 0            ; 0              ; 209    ; 0               ; 0             ; 0               ; 0     ; 0              ; 0            ; 0                ; 0                 ;
; Flush                                                        ; 9     ; 4              ; 0            ; 4              ; 4      ; 4               ; 4             ; 4               ; 0     ; 0              ; 0            ; 0                ; 0                 ;
; fdu                                                          ; 22    ; 0              ; 0            ; 0              ; 4      ; 0               ; 0             ; 0               ; 0     ; 0              ; 0            ; 0                ; 0                 ;
; srcbmux                                                      ; 65    ; 0              ; 0            ; 0              ; 32     ; 0               ; 0             ; 0               ; 0     ; 0              ; 0            ; 0                ; 0                 ;
; muxB                                                         ; 98    ; 0              ; 0            ; 0              ; 32     ; 0               ; 0             ; 0               ; 0     ; 0              ; 0            ; 0                ; 0                 ;
; muxA                                                         ; 98    ; 0              ; 0            ; 0              ; 32     ; 0               ; 0             ; 0               ; 0     ; 0              ; 0            ; 0                ; 0                 ;
; ff2                                                          ; 220   ; 0              ; 0            ; 0              ; 217    ; 0               ; 0             ; 0               ; 0     ; 0              ; 0            ; 0                ; 0                 ;
; HU                                                           ; 18    ; 0              ; 0            ; 0              ; 6      ; 0               ; 0             ; 0               ; 0     ; 0              ; 0            ; 0                ; 0                 ;
; ext                                                          ; 27    ; 0              ; 0            ; 0              ; 32     ; 0               ; 0             ; 0               ; 0     ; 0              ; 0            ; 0                ; 0                 ;
; rff|Regis_inst|altsyncram_component|auto_generated           ; 77    ; 0              ; 0            ; 0              ; 64     ; 0               ; 0             ; 0               ; 0     ; 0              ; 0            ; 0                ; 0                 ;
; rff|Regis_inst                                               ; 77    ; 33             ; 0            ; 33             ; 64     ; 33              ; 33            ; 33              ; 0     ; 0              ; 0            ; 0                ; 0                 ;
; rff                                                          ; 49    ; 0              ; 5            ; 0              ; 64     ; 0               ; 0             ; 0               ; 0     ; 0              ; 0            ; 0                ; 0                 ;
; c|srcbmux                                                    ; 25    ; 12             ; 0            ; 12             ; 12     ; 12              ; 12            ; 12              ; 0     ; 0              ; 0            ; 0                ; 0                 ;
; c|ad                                                         ; 8     ; 0              ; 0            ; 0              ; 3      ; 0               ; 0             ; 0               ; 0     ; 0              ; 0            ; 0                ; 0                 ;
; c|md                                                         ; 7     ; 0              ; 0            ; 0              ; 11     ; 0               ; 0             ; 0               ; 0     ; 0              ; 0            ; 0                ; 0                 ;
; c                                                            ; 13    ; 0              ; 0            ; 0              ; 12     ; 0               ; 0             ; 0               ; 0     ; 0              ; 0            ; 0                ; 0                 ;
; ins1                                                         ; 65    ; 32             ; 0            ; 32             ; 32     ; 32              ; 32            ; 32              ; 0     ; 0              ; 0            ; 0                ; 0                 ;
; ff1                                                          ; 110   ; 0              ; 0            ; 0              ; 107    ; 0               ; 0             ; 0               ; 0     ; 0              ; 0            ; 0                ; 0                 ;
; a0                                                           ; 64    ; 32             ; 0            ; 32             ; 32     ; 32              ; 32            ; 32              ; 0     ; 0              ; 0            ; 0                ; 0                 ;
; IM|INST_inst3|altsyncram_component|auto_generated            ; 12    ; 0              ; 0            ; 0              ; 8      ; 0               ; 0             ; 0               ; 0     ; 0              ; 0            ; 0                ; 0                 ;
; IM|INST_inst3                                                ; 12    ; 2              ; 0            ; 2              ; 8      ; 2               ; 2             ; 2               ; 0     ; 0              ; 0            ; 0                ; 0                 ;
; IM|INST_inst2|altsyncram_component|auto_generated            ; 12    ; 0              ; 0            ; 0              ; 8      ; 0               ; 0             ; 0               ; 0     ; 0              ; 0            ; 0                ; 0                 ;
; IM|INST_inst2                                                ; 12    ; 2              ; 0            ; 2              ; 8      ; 2               ; 2             ; 2               ; 0     ; 0              ; 0            ; 0                ; 0                 ;
; IM|INST_inst1|altsyncram_component|auto_generated            ; 12    ; 0              ; 0            ; 0              ; 8      ; 0               ; 0             ; 0               ; 0     ; 0              ; 0            ; 0                ; 0                 ;
; IM|INST_inst1                                                ; 12    ; 2              ; 0            ; 2              ; 8      ; 2               ; 2             ; 2               ; 0     ; 0              ; 0            ; 0                ; 0                 ;
; IM|INST_inst0|altsyncram_component|auto_generated            ; 12    ; 0              ; 0            ; 0              ; 8      ; 0               ; 0             ; 0               ; 0     ; 0              ; 0            ; 0                ; 0                 ;
; IM|INST_inst0                                                ; 12    ; 2              ; 0            ; 2              ; 8      ; 2               ; 2             ; 2               ; 0     ; 0              ; 0            ; 0                ; 0                 ;
; IM                                                           ; 34    ; 0              ; 24           ; 0              ; 32     ; 0               ; 0             ; 0               ; 0     ; 0              ; 0            ; 0                ; 0                 ;
; ff001                                                        ; 3     ; 0              ; 0            ; 0              ; 1      ; 0               ; 0             ; 0               ; 0     ; 0              ; 0            ; 0                ; 0                 ;
; ff0                                                          ; 35    ; 0              ; 0            ; 0              ; 32     ; 0               ; 0             ; 0               ; 0     ; 0              ; 0            ; 0                ; 0                 ;
; pcmux                                                        ; 65    ; 0              ; 0            ; 0              ; 32     ; 0               ; 0             ; 0               ; 0     ; 0              ; 0            ; 0                ; 0                 ;
+--------------------------------------------------------------+-------+----------------+--------------+----------------+--------+-----------------+---------------+-----------------+-------+----------------+--------------+------------------+-------------------+
